27516 20170101  2.424 -156.61   71.32     1.1    -7.5    -3.2    -0.9     9.1     0.00 C     0.1    -7.6    -1.7    96.9    85.3    90.7 -99.000 -99.000 -99.000 -99.000 -99.000 -9999.0 -9999.0 -9999.0 -9999.0 -9999.0
27516 20170102  2.424 -156.61   71.32    -0.1    -9.7    -4.9    -5.0     0.2     0.00 C    -0.7   -11.3    -6.6    97.7    81.0    88.1 -99.000 -99.000 -99.000 -99.000 -99.000 -9999.0 -9999.0 -9999.0 -9999.0 -9999.0
27516 20170103  2.424 -156.61   71.32    -2.1   -24.1   -13.1   -10.2     0.0     0.00 C    -3.4   -25.4   -12.4    90.4    66.8    79.4 -99.000 -99.000 -99.000 -99.000 -99.000 -9999.0 -9999.0 -9999.0 -9999.0 -9999.0
27516 20170104  2.424 -156.61   71.32    -3.8   -21.4   -12.6    -8.4     0.9     0.00 C    -4.1   -21.6    -9.1    92.7    78.6    85.8 -99.000 -99.000 -99.000 -99.000 -99.000 -9999.0 -9999.0 -9999.0 -9999.0 -9999.0
27516 20170105  2.424 -156.61   71.32    -6.8   -22.9   -14.9   -19.0     1.7     0.00 C    -7.5   -25.3   -20.0    87.7    74.7    78.5 -99.000 -99.000 -99.000 -99.000 -99.000 -9999.0 -9999.0 -9999.0 -9999.0 -9999.0
27516 20170106  2.424 -156.61   71.32    -3.7   -27.4   -15.5   -15.4     1.9     0.00 C    -4.0   -28.0   -15.9    92.5    69.4    82.6 -99.000 -99.000 -99.000 -99.000 -99.000 -9999.0 -9999.0 -9999.0 -9999.0 -9999.0
27516 20170107  2.424 -156.61   71.32    -3.1    -3.8    -3.4    -3.4     0.0     0.00 C    -3.0    -4.0    -3.6    96.7    90.2    93.5 -99.000 -99.000 -99.000 -99.000 -99.000 -9999.0 -9999.0 -9999.0 -9999.0 -9999.0
27516 20170108  2.424 -156.61   71.32    -3.6    -9.0    -6.3    -4.8     0.0     0.00 C    -3.6    -9.8    -5.2    96.2    87.5    92.2 -99.000 -99.000 -99.000 -99.000 -99.000 -9999.0 -9999.0 -9999.0 -9999.0 -9999.0
27516 20170109  2.424 -156.61   71.32    -4.8   -13.8    -9.3    -7.9     0.0     0.00 C    -4.8   -14.3    -8.2    95.5    86.6    91.8 -99.000 -99.000 -99.000 -99.000 -99.000 -9999.0 -9999.0 -9999.0 -9999.0 -9999.0
27516 20170110  2.424 -156.61   71.32    -5.0   -20.3   -12.7   -11.3     0.2     0.00 C    -5.1   -21.4   -12.1    94.0    83.0    89.2 -99.000 -99.000 -99.000 -99.000 -99.000 -9999.0 -9999.0 -9999.0 -9999.0 -9999.0
27516 20170111  2.424 -156.61   71.32    -5.5   -22.8   -14.1   -15.5     0.0     0.00 C    -5.5   -24.6   -15.9    93.5    68.0    80.2 -99.000 -99.000 -99.000 -99.000 -99.000 -9999.0 -9999.0 -9999.0 -9999.0 -9999.0
27516 20170112  2.424 -156.61   71.32   -18.9   -23.4   -21.2   -20.6     0.0     0.00 C   -20.0   -27.1   -22.5    83.5    75.1    79.5 -99.000 -99.000 -99.000 -99.000 -99.000 -9999.0 -9999.0 -9999.0 -9999.0 -9999.0
27516 20170113  2.424 -156.61   71.32   -20.8   -27.9   -24.3   -25.1     0.2     0.00 C   -21.6   -30.8   -27.5    85.8    76.8    79.7 -99.000 -99.000 -99.000 -99.000 -99.000 -9999.0 -9999.0 -9999.0 -9999.0 -9999.0
27516 20170114  2.424 -156.61   71.32   -25.2   -28.0   -26.6   -26.3     0.0     0.00 C   -26.2   -28.9   -27.1    78.1    73.7    76.6 -99.000 -99.000 -99.000 -99.000 -99.000 -9999.0 -9999.0 -9999.0 -9999.0 -9999.0
27516 20170115  2.424 -156.61   71.32   -24.7   -35.1   -29.9   -28.1     0.0     0.00 C   -27.5   -36.1   -29.6    79.0    70.2    75.3 -99.000 -99.000 -99.000 -99.000 -99.000 -9999.0 -9999.0 -9999.0 -9999.0 -9999.0
27516 20170116  2.424 -156.61   71.32   -27.4   -37.2   -32.3   -34.3     0.0     0.00 C   -31.1   -37.9   -35.6    76.1    69.0    71.2 -99.000 -99.000 -99.000 -99.000 -99.000 -9999.0 -9999.0 -9999.0 -9999.0 -9999.0
27516 20170117  2.424 -156.61   71.32   -24.8   -30.4   -27.6 -9999.0     0.0     0.00 C   -26.6   -32.3   -29.6    78.8    70.9    76.0 -99.000 -99.000 -99.000 -99.000 -99.000 -9999.0 -9999.0 -9999.0 -9999.0 -9999.0
27516 20170118  2.424 -156.61   71.32   -24.9   -32.2   -28.6   -29.0     0.0     0.00 C   -27.4   -31.9   -30.4    80.1    69.4    74.5 -99.000 -99.000 -99.000 -99.000 -99.000 -9999.0 -9999.0 -9999.0 -9999.0 -9999.0
27516 20170119  2.424 -156.61   71.32   -30.2   -39.4   -34.8   -34.4     0.2     0.00 C   -31.1   -39.6   -35.0    73.9    67.6    70.8 -99.000 -99.000 -99.000 -99.000 -99.000 -9999.0 -9999.0 -9999.0 -9999.0 -9999.0
27516 20170120  2.424 -156.61   71.32   -32.8   -39.6   -36.2   -37.1     0.0     0.00 C   -33.9   -40.0   -37.8    71.4    67.3    68.8 -99.000 -99.000 -99.000 -99.000 -99.000 -9999.0 -9999.0 -9999.0 -9999.0 -9999.0
27516 20170121  2.424 -156.61   71.32   -24.8   -33.9   -29.4   -28.9     0.0     0.00 C   -25.3   -34.3   -29.4    77.2    70.2    74.1 -99.000 -99.000 -99.000 -99.000 -99.000 -9999.0 -9999.0 -9999.0 -9999.0 -9999.0
27516 20170122  2.424 -156.61   71.32   -20.2   -36.0   -28.1   -27.3     0.0     0.00 C   -20.6   -36.3   -27.9    81.9    69.3    75.8 -99.000 -99.000 -99.000 -99.000 -99.000 -9999.0 -9999.0 -9999.0 -9999.0 -9999.0
27516 20170123  2.424 -156.61   71.32   -27.7   -37.3   -32.5   -33.9     0.0     0.00 C   -28.9   -37.8   -35.1    75.2    68.6    71.1 -99.000 -99.000 -99.000 -99.000 -99.000 -9999.0 -9999.0 -9999.0 -9999.0 -9999.0
27516 20170124  2.424 -156.61   71.32   -23.3   -28.2   -25.8   -25.7     0.0     0.00 C   -23.7   -28.9   -26.3    78.3    74.4    76.6 -99.000 -99.000 -99.000 -99.000 -99.000 -9999.0 -9999.0 -9999.0 -9999.0 -9999.0
27516 20170125  2.424 -156.61   71.32   -20.4   -27.8   -24.1   -23.6     0.4     0.00 C   -20.4   -28.3   -23.9    80.9    75.1    78.3 -99.000 -99.000 -99.000 -99.000 -99.000 -9999.0 -9999.0 -9999.0 -9999.0 -9999.0
27516 20170126  2.424 -156.61   71.32   -19.8   -24.5   -22.2   -22.0     0.0     0.00 C   -20.1   -25.0   -22.4    81.5    77.9    79.8 -99.000 -99.000 -99.000 -99.000 -99.000 -9999.0 -9999.0 -9999.0 -9999.0 -9999.0
27516 20170127  2.424 -156.61   71.32   -17.2   -21.0   -19.1   -18.6     0.0     0.00 C   -17.2   -21.4   -18.8    83.5    80.4    82.3 -99.000 -99.000 -99.000 -99.000 -99.000 -9999.0 -9999.0 -9999.0 -9999.0 -9999.0
27516 20170128  2.424 -156.61   71.32   -15.6   -20.0   -17.8   -17.3     0.0     0.00 C   -15.8   -20.1   -17.5    84.9    81.4    83.6 -99.000 -99.000 -99.000 -99.000 -99.000 -9999.0 -9999.0 -9999.0 -9999.0 -9999.0
27516 20170129  2.424 -156.61   71.32   -16.3   -22.4   -19.3   -19.4     0.0     0.00 C   -16.4   -22.5   -19.7    87.1    79.4    81.9 -99.000 -99.000 -99.000 -99.000 -99.000 -9999.0 -9999.0 -9999.0 -9999.0 -9999.0
27516 20170130  2.424 -156.61   71.32    -6.4   -18.3   -12.3   -12.6     0.0     0.00 C    -6.8   -18.8   -13.0    89.1    82.7    86.4 -99.000 -99.000 -99.000 -99.000 -99.000 -9999.0 -9999.0 -9999.0 -9999.0 -9999.0
27516 20170131  2.424 -156.61   71.32    -4.4   -11.1    -7.8    -7.3     0.0     0.00 C    -5.8   -12.7    -8.3    90.0    81.0    85.7 -99.000 -99.000 -99.000 -99.000 -99.000 -9999.0 -9999.0 -9999.0 -9999.0 -9999.0
27516 20170201  2.424 -156.61   71.32    -9.6   -23.6   -16.6   -16.4     0.0     0.01 C   -10.2   -24.2   -18.0    85.9    73.1    82.0 -99.000 -99.000 -99.000 -99.000 -99.000 -9999.0 -9999.0 -9999.0 -9999.0 -9999.0
27516 20170202  2.424 -156.61   71.32    -4.4   -14.1    -9.2    -7.2     0.0     0.09 C    -6.3   -15.5    -9.2    87.8    72.9    78.8 -99.000 -99.000 -99.000 -99.000 -99.000 -9999.0 -9999.0 -9999.0 -9999.0 -9999.0
27516 20170203  2.424 -156.61   71.32    -6.8   -17.2   -12.0   -10.5     0.0     0.05 C    -9.1   -18.1   -13.0    89.6    81.9    85.4 -99.000 -99.000 -99.000 -99.000 -99.000 -9999.0 -9999.0 -9999.0 -9999.0 -9999.0
27516 20170204  2.424 -156.61   71.32   -13.1   -21.1   -17.1   -18.1     0.0     0.11 C   -14.6   -21.6   -18.9    88.9    80.2    83.1 -99.000 -99.000 -99.000 -99.000 -99.000 -9999.0 -9999.0 -9999.0 -9999.0 -9999.0
27516 20170205  2.424 -156.61   71.32   -11.8   -17.4   -14.6   -13.7     0.0     0.07 C   -12.0   -18.4   -14.5    89.3    78.5    85.9 -99.000 -99.000 -99.000 -99.000 -99.000 -9999.0 -9999.0 -9999.0 -9999.0 -9999.0
27516 20170206  2.424 -156.61   71.32   -10.3   -15.5   -12.9   -13.0     0.3     0.00 C   -10.4   -15.2   -12.9    88.6    84.2    86.4 -99.000 -99.000 -99.000 -99.000 -99.000 -9999.0 -9999.0 -9999.0 -9999.0 -9999.0
27516 20170207  2.424 -156.61   71.32   -10.5   -22.9   -16.7   -13.8     0.0     0.00 C   -10.5   -23.4   -13.9    88.2    78.8    85.5 -99.000 -99.000 -99.000 -99.000 -99.000 -9999.0 -9999.0 -9999.0 -9999.0 -9999.0
27516 20170208  2.424 -156.61   71.32   -19.8   -24.5   -22.1   -22.4     0.4     0.18 C   -19.9   -25.1   -22.7    81.0    77.3    79.3 -99.000 -99.000 -99.000 -99.000 -99.000 -9999.0 -9999.0 -9999.0 -9999.0 -9999.0
27516 20170209  2.424 -156.61   71.32   -21.6   -30.7   -26.2   -27.4     0.2     0.58 C   -22.3   -32.5   -28.7    80.2    73.7    76.0 -99.000 -99.000 -99.000 -99.000 -99.000 -9999.0 -9999.0 -9999.0 -9999.0 -9999.0
27516 20170210  2.424 -156.61   71.32   -17.2   -25.2   -21.2   -21.9     0.2     0.38 C   -17.6   -25.7   -22.5    82.9    76.7    79.0 -99.000 -99.000 -99.000 -99.000 -99.000 -9999.0 -9999.0 -9999.0 -9999.0 -9999.0
27516 20170211  2.424 -156.61   71.32   -17.3   -34.1   -25.7   -22.4     0.9     0.18 C   -17.7   -35.4   -24.2    82.7    74.3    80.9 -99.000 -99.000 -99.000 -99.000 -99.000 -9999.0 -9999.0 -9999.0 -9999.0 -9999.0
27516 20170212  2.424 -156.61   71.32   -22.3   -34.1   -28.2   -28.2     0.0     0.51 C   -23.1   -35.7   -29.1    80.1    71.4    75.6 -99.000 -99.000 -99.000 -99.000 -99.000 -9999.0 -9999.0 -9999.0 -9999.0 -9999.0
27516 20170213  2.424 -156.61   71.32   -21.2   -26.0   -23.6   -22.3     0.0     0.18 C   -21.5   -26.1   -22.5    80.6    76.7    79.6 -99.000 -99.000 -99.000 -99.000 -99.000 -9999.0 -9999.0 -9999.0 -9999.0 -9999.0
27516 20170214  2.424 -156.61   71.32   -18.7   -22.5   -20.6   -20.9     0.0     0.27 C   -19.1   -22.1   -20.7    82.6    78.4    80.7 -99.000 -99.000 -99.000 -99.000 -99.000 -9999.0 -9999.0 -9999.0 -9999.0 -9999.0
27516 20170215  2.424 -156.61   71.32   -21.3   -28.6   -25.0   -25.7     0.0     0.74 C   -21.7   -32.0   -27.9    80.5    74.0    77.2 -99.000 -99.000 -99.000 -99.000 -99.000 -9999.0 -9999.0 -9999.0 -9999.0 -9999.0
27516 20170216  2.424 -156.61   71.32 -9999.0   -29.9 -9999.0 -9999.0     0.0     0.78 C   -28.5   -33.8   -31.7    77.1    73.0    75.2 -99.000 -99.000 -99.000 -99.000 -99.000 -9999.0 -9999.0 -9999.0 -9999.0 -9999.0
27516 20170217  2.424 -156.61   71.32   -27.6   -30.7   -29.2   -28.8     0.0     1.00 C   -27.4   -33.0   -31.0    75.9    72.4    74.5 -99.000 -99.000 -99.000 -99.000 -99.000 -9999.0 -9999.0 -9999.0 -9999.0 -9999.0
27516 20170218  2.424 -156.61   71.32   -25.2   -32.4   -28.8   -28.4     0.0     0.69 C   -26.2   -33.6   -29.5    77.3    71.3    74.6 -99.000 -99.000 -99.000 -99.000 -99.000 -9999.0 -9999.0 -9999.0 -9999.0 -9999.0
27516 20170219  2.424 -156.61   71.32   -21.2   -28.6   -24.9   -22.8     1.2     0.23 C   -21.3   -30.1   -23.3    80.4    74.5    78.8 -99.000 -99.000 -99.000 -99.000 -99.000 -9999.0 -9999.0 -9999.0 -9999.0 -9999.0
27516 20170220  2.424 -156.61   71.32   -21.6   -25.7   -23.7   -23.4     1.2     0.41 C   -21.9   -26.0   -23.9    80.2    75.0    78.3 -99.000 -99.000 -99.000 -99.000 -99.000 -9999.0 -9999.0 -9999.0 -9999.0 -9999.0
27516 20170221  2.424 -156.61   71.32   -21.0   -34.8   -27.9   -25.8     1.8     1.01 C   -20.8   -36.9   -26.8    80.5    71.5    77.5 -99.000 -99.000 -99.000 -99.000 -99.000 -9999.0 -9999.0 -9999.0 -9999.0 -9999.0
27516 20170222  2.424 -156.61   71.32   -25.4   -36.6   -31.0 -9999.0     0.0     2.19 C   -27.3   -38.3   -31.9    76.7    68.2    72.9 -99.000 -99.000 -99.000 -99.000 -99.000 -9999.0 -9999.0 -9999.0 -9999.0 -9999.0
27516 20170223  2.424 -156.61   71.32   -20.3   -33.7   -27.0   -25.4     0.8     1.25 C   -20.4   -34.4   -26.4    79.9    68.7    75.6 -99.000 -99.000 -99.000 -99.000 -99.000 -9999.0 -9999.0 -9999.0 -9999.0 -9999.0
27516 20170224  2.424 -156.61   71.32   -20.3   -26.1   -23.2   -22.8     1.8     1.04 C   -20.4   -26.3   -22.9    80.0    75.9    78.0 -99.000 -99.000 -99.000 -99.000 -99.000 -9999.0 -9999.0 -9999.0 -9999.0 -9999.0
27516 20170225  2.424 -156.61   71.32   -21.8   -28.6   -25.2   -26.2     1.2     1.42 C   -21.9   -29.5   -26.5    79.3    74.6    76.2 -99.000 -99.000 -99.000 -99.000 -99.000 -9999.0 -9999.0 -9999.0 -9999.0 -9999.0
27516 20170226  2.424 -156.61   71.32   -21.4   -22.9   -22.1   -22.1     1.7     1.56 C   -21.4   -23.6   -22.1    79.8    76.3    78.5 -99.000 -99.000 -99.000 -99.000 -99.000 -9999.0 -9999.0 -9999.0 -9999.0 -9999.0
27516 20170227  2.424 -156.61   71.32   -22.6   -29.7   -26.2   -26.8     0.0     3.55 C   -23.2   -31.8   -28.3    79.9    75.5    77.6 -99.000 -99.000 -99.000 -99.000 -99.000 -9999.0 -9999.0 -9999.0 -9999.0 -9999.0
27516 20170228  2.424 -156.61   71.32   -23.7   -31.5   -27.6   -25.4     0.0     3.47 C   -25.2   -32.7   -27.2    84.6    68.7    75.1 -99.000 -99.000 -99.000 -99.000 -99.000 -9999.0 -9999.0 -9999.0 -9999.0 -9999.0
27516 20170301  2.424 -156.61   71.32   -19.3   -31.9   -25.6   -26.0     0.0     2.72 C   -19.8   -33.5   -27.0    82.4    74.9    78.0 -99.000 -99.000 -99.000 -99.000 -99.000 -9999.0 -9999.0 -9999.0 -9999.0 -9999.0
27516 20170302  2.424 -156.61   71.32   -20.7   -25.0   -22.9   -22.7     0.0     3.70 C   -21.2   -26.9   -23.8    79.9    75.1    77.5 -99.000 -99.000 -99.000 -99.000 -99.000 -9999.0 -9999.0 -9999.0 -9999.0 -9999.0
27516 20170303  2.424 -156.61   71.32   -18.5   -22.1   -20.3   -20.7     0.0     3.72 C   -19.2   -23.7   -21.8    80.0    70.5    76.5 -99.000 -99.000 -99.000 -99.000 -99.000 -9999.0 -9999.0 -9999.0 -9999.0 -9999.0
27516 20170304  2.424 -156.61   71.32   -18.6   -30.9   -24.8   -25.1     0.0     3.57 C   -19.3   -33.4   -27.0    80.7    69.7    77.5 -99.000 -99.000 -99.000 -99.000 -99.000 -9999.0 -9999.0 -9999.0 -9999.0 -9999.0
27516 20170305  2.424 -156.61   71.32   -24.0   -34.0   -29.0   -28.7     0.2     3.17 C   -25.2   -36.6   -30.9    78.7    72.6    76.1 -99.000 -99.000 -99.000 -99.000 -99.000 -9999.0 -9999.0 -9999.0 -9999.0 -9999.0
27516 20170306  2.424 -156.61   71.32   -23.6   -29.1   -26.3   -26.0     0.0     2.54 C   -23.8   -31.6   -27.6    78.4    74.4    76.8 -99.000 -99.000 -99.000 -99.000 -99.000 -9999.0 -9999.0 -9999.0 -9999.0 -9999.0
27516 20170307  2.424 -156.61   71.32   -23.8   -31.2   -27.5   -27.4     0.0     2.83 C   -25.2   -33.4   -29.4    78.5    72.9    75.6 -99.000 -99.000 -99.000 -99.000 -99.000 -9999.0 -9999.0 -9999.0 -9999.0 -9999.0
27516 20170308  2.424 -156.61   71.32   -14.2   -34.4   -24.3   -26.7     0.3     2.88 C   -14.4   -35.2   -27.7    85.7    70.0    76.0 -99.000 -99.000 -99.000 -99.000 -99.000 -9999.0 -9999.0 -9999.0 -9999.0 -9999.0
27516 20170309  2.424 -156.61   71.32    -8.8   -14.3   -11.6   -10.2     5.4     2.09 C    -9.0   -15.0   -10.6    89.7    76.3    86.2 -99.000 -99.000 -99.000 -99.000 -99.000 -9999.0 -9999.0 -9999.0 -9999.0 -9999.0
27516 20170310  2.424 -156.61   71.32    -4.1    -8.8    -6.5    -6.8     2.0     2.52 C    -4.4    -9.1    -6.9    94.6    85.3    91.7 -99.000 -99.000 -99.000 -99.000 -99.000 -9999.0 -9999.0 -9999.0 -9999.0 -9999.0
27516 20170311  2.424 -156.61   71.32    -4.0   -15.7    -9.8    -9.7     0.0     6.27 C    -4.3   -18.6   -11.2    95.1    83.3    88.5 -99.000 -99.000 -99.000 -99.000 -99.000 -9999.0 -9999.0 -9999.0 -9999.0 -9999.0
27516 20170312  2.424 -156.61   71.32   -14.2   -28.2   -21.2   -20.3     0.3     6.70 C   -14.6   -32.4   -22.7    86.9    63.0    78.5 -99.000 -99.000 -99.000 -99.000 -99.000 -9999.0 -9999.0 -9999.0 -9999.0 -9999.0
27516 20170313  2.424 -156.61   71.32   -22.1   -31.1   -26.6   -26.1     0.0     6.67 C   -23.7   -34.1   -28.9    79.5    72.5    76.6 -99.000 -99.000 -99.000 -99.000 -99.000 -9999.0 -9999.0 -9999.0 -9999.0 -9999.0
27516 20170314  2.424 -156.61   71.32   -20.5   -26.5   -23.5   -23.2     0.0     6.19 C   -21.4   -29.8   -24.8    81.5    76.9    79.9 -99.000 -99.000 -99.000 -99.000 -99.000 -9999.0 -9999.0 -9999.0 -9999.0 -9999.0
27516 20170315  2.424 -156.61   71.32   -22.8   -33.6   -28.2   -26.7     0.0     7.23 C   -23.7   -35.3   -28.4    80.2    76.9    78.2 -99.000 -99.000 -99.000 -99.000 -99.000 -9999.0 -9999.0 -9999.0 -9999.0 -9999.0
27516 20170316  2.424 -156.61   71.32   -29.6   -36.3   -32.9   -32.8     0.2     7.58 C   -28.5   -36.9   -33.4    78.6    70.7    74.0 -99.000 -99.000 -99.000 -99.000 -99.000 -9999.0 -9999.0 -9999.0 -9999.0 -9999.0
27516 20170317  2.424 -156.61   71.32   -28.5   -37.3   -32.9   -32.5     0.2     7.73 C   -28.1   -38.5   -34.1    75.1    69.2    72.3 -99.000 -99.000 -99.000 -99.000 -99.000 -9999.0 -9999.0 -9999.0 -9999.0 -9999.0
27516 20170318  2.424 -156.61   71.32   -28.7   -35.5   -32.1   -32.2     0.3     8.38 C   -28.3   -37.3   -33.7    74.3    69.8    72.0 -99.000 -99.000 -99.000 -99.000 -99.000 -9999.0 -9999.0 -9999.0 -9999.0 -9999.0
27516 20170319  2.424 -156.61   71.32   -27.3   -37.6   -32.5   -32.3     0.0     6.57 C   -26.1   -38.9   -32.7    74.9    68.0    71.7 -99.000 -99.000 -99.000 -99.000 -99.000 -9999.0 -9999.0 -9999.0 -9999.0 -9999.0
27516 20170320  2.424 -156.61   71.32   -14.3   -30.9   -22.6   -21.4     0.0     6.23 C   -14.7   -33.5   -22.6    85.0    72.3    79.6 -99.000 -99.000 -99.000 -99.000 -99.000 -9999.0 -9999.0 -9999.0 -9999.0 -9999.0
27516 20170321  2.424 -156.61   71.32   -15.1   -27.1   -21.1   -19.6     0.0     8.56 C   -16.0   -30.1   -21.3    84.5    75.6    81.4 -99.000 -99.000 -99.000 -99.000 -99.000 -9999.0 -9999.0 -9999.0 -9999.0 -9999.0
27516 20170322  2.424 -156.61   71.32   -13.2   -27.2   -20.2   -19.7     0.0     7.53 C   -12.7   -29.8   -21.0    85.7    75.9    81.9 -99.000 -99.000 -99.000 -99.000 -99.000 -9999.0 -9999.0 -9999.0 -9999.0 -9999.0
27516 20170323  2.424 -156.61   71.32   -13.6   -25.0   -19.3   -18.5     0.2     7.14 C   -13.6   -27.6   -20.0    86.6    78.9    83.0 -99.000 -99.000 -99.000 -99.000 -99.000 -9999.0 -9999.0 -9999.0 -9999.0 -9999.0
27516 20170324  2.424 -156.61   71.32   -13.6   -22.7   -18.2   -16.7     0.0     8.70 C   -14.5   -25.7   -17.8    84.8    78.5    82.4 -99.000 -99.000 -99.000 -99.000 -99.000 -9999.0 -9999.0 -9999.0 -9999.0 -9999.0
27516 20170325  2.424 -156.61   71.32   -16.0   -24.2   -20.1   -19.3     0.0     8.84 C   -16.0   -27.9   -20.9    83.9    79.9    81.9 -99.000 -99.000 -99.000 -99.000 -99.000 -9999.0 -9999.0 -9999.0 -9999.0 -9999.0
27516 20170326  2.424 -156.61   71.32   -19.8   -29.7   -24.7   -23.8     0.0     9.71 C   -19.7   -32.3   -26.1    84.7    77.5    80.8 -99.000 -99.000 -99.000 -99.000 -99.000 -9999.0 -9999.0 -9999.0 -9999.0 -9999.0
27516 20170327  2.424 -156.61   71.32   -21.7   -29.8   -25.8   -25.8     0.0     9.99 C   -21.9   -32.0   -28.0    83.4    74.3    77.9 -99.000 -99.000 -99.000 -99.000 -99.000 -9999.0 -9999.0 -9999.0 -9999.0 -9999.0
27516 20170328  2.424 -156.61   71.32   -20.9   -30.5   -25.7   -25.2     0.0     9.80 C   -20.6   -31.8   -26.4    79.9    73.0    76.9 -99.000 -99.000 -99.000 -99.000 -99.000 -9999.0 -9999.0 -9999.0 -9999.0 -9999.0
27516 20170329  2.424 -156.61   71.32   -19.7   -27.8   -23.7   -22.7     0.0    10.61 C   -18.6   -28.8   -23.8    81.2    74.8    78.9 -99.000 -99.000 -99.000 -99.000 -99.000 -9999.0 -9999.0 -9999.0 -9999.0 -9999.0
27516 20170330  2.424 -156.61   71.32   -20.1   -28.1   -24.1   -22.6     0.0     9.24 C   -17.3   -29.0   -22.4    81.1    73.6    79.0 -99.000 -99.000 -99.000 -99.000 -99.000 -9999.0 -9999.0 -9999.0 -9999.0 -9999.0
27516 20170331  2.424 -156.61   71.32 -9999.0 -9999.0 -9999.0 -9999.0     0.2     9.80 C   -18.9   -30.0   -25.6    79.8    73.7    76.8 -99.000 -99.000 -99.000 -99.000 -99.000 -9999.0 -9999.0 -9999.0 -9999.0 -9999.0
27516 20170401  2.424 -156.61   71.32 -9999.0 -9999.0 -9999.0 -9999.0     0.0    11.80 C   -19.7   -29.6   -25.0    79.1    74.9    76.8 -99.000 -99.000 -99.000 -99.000 -99.000 -9999.0 -9999.0 -9999.0 -9999.0 -9999.0
27516 20170402  2.424 -156.61   71.32 -9999.0 -9999.0 -9999.0 -9999.0     0.0    12.36 C   -18.8   -32.4   -26.2    78.3    68.2    75.5 -99.000 -99.000 -99.000 -99.000 -99.000 -9999.0 -9999.0 -9999.0 -9999.0 -9999.0
27516 20170403  2.424 -156.61   71.32   -18.8   -30.6   -24.7   -24.6     0.0    11.54 C   -18.8   -32.5   -25.1    80.5    71.1    76.3 -99.000 -99.000 -99.000 -99.000 -99.000 -9999.0 -9999.0 -9999.0 -9999.0 -9999.0
27516 20170404  2.424 -156.61   71.32   -15.2   -23.5   -19.4   -18.6     0.0    12.90 C   -15.5   -24.2   -19.5    84.9    76.9    81.2 -99.000 -99.000 -99.000 -99.000 -99.000 -9999.0 -9999.0 -9999.0 -9999.0 -9999.0
27516 20170405  2.424 -156.61   71.32    -9.3   -16.0   -12.6   -13.2     0.0    12.12 C    -9.1   -17.8   -14.3    85.3    81.5    83.6 -99.000 -99.000 -99.000 -99.000 -99.000 -9999.0 -9999.0 -9999.0 -9999.0 -9999.0
27516 20170406  2.424 -156.61   71.32   -10.1   -16.7   -13.4   -13.3     0.0    13.95 C   -10.3   -19.4   -14.8    84.4    80.9    83.0 -99.000 -99.000 -99.000 -99.000 -99.000 -9999.0 -9999.0 -9999.0 -9999.0 -9999.0
27516 20170407  2.424 -156.61   71.32   -10.3   -16.3   -13.3   -13.4     0.0    14.36 C   -10.4   -18.9   -15.0    82.6    77.4    81.0 -99.000 -99.000 -99.000 -99.000 -99.000 -9999.0 -9999.0 -9999.0 -9999.0 -9999.0
27516 20170408  2.424 -156.61   71.32   -12.9   -19.8   -16.3   -15.8     0.0    14.53 C   -12.6   -22.5   -17.1    86.0    76.6    81.4 -99.000 -99.000 -99.000 -99.000 -99.000 -9999.0 -9999.0 -9999.0 -9999.0 -9999.0
27516 20170409  2.424 -156.61   71.32   -11.4   -15.5   -13.4   -13.0     0.0     9.42 C   -11.0   -15.7   -12.9    87.2    82.7    84.9 -99.000 -99.000 -99.000 -99.000 -99.000 -9999.0 -9999.0 -9999.0 -9999.0 -9999.0
27516 20170410  2.424 -156.61   71.32   -10.1   -13.3   -11.7   -11.2     0.0    12.29 C    -9.5   -14.9   -11.5    90.1    85.4    87.7 -99.000 -99.000 -99.000 -99.000 -99.000 -9999.0 -9999.0 -9999.0 -9999.0 -9999.0
27516 20170411  2.424 -156.61   71.32    -7.0   -12.4    -9.7    -9.8     0.0     9.78 C    -5.8   -12.9    -9.3    91.5    78.8    88.7 -99.000 -99.000 -99.000 -99.000 -99.000 -9999.0 -9999.0 -9999.0 -9999.0 -9999.0
27516 20170412  2.424 -156.61   71.32    -7.7   -13.2   -10.4    -9.9     0.0    12.42 C    -7.5   -15.5   -10.2    91.7    84.2    88.4 -99.000 -99.000 -99.000 -99.000 -99.000 -9999.0 -9999.0 -9999.0 -9999.0 -9999.0
27516 20170413  2.424 -156.61   71.32   -10.4   -14.7   -12.6   -12.8     0.0    14.41 C    -9.7   -16.1   -13.3    89.4    85.9    87.1 -99.000 -99.000 -99.000 -99.000 -99.000 -9999.0 -9999.0 -9999.0 -9999.0 -9999.0
27516 20170414  2.424 -156.61   71.32   -10.6   -16.4   -13.5   -13.6     0.0    16.01 C   -10.7   -17.8   -14.5    85.8    77.3    82.7 -99.000 -99.000 -99.000 -99.000 -99.000 -9999.0 -9999.0 -9999.0 -9999.0 -9999.0
27516 20170415  2.424 -156.61   71.32    -9.3   -15.0   -12.2   -12.4     0.0    17.00 C    -9.5   -17.2   -13.7    81.7    70.4    77.1 -99.000 -99.000 -99.000 -99.000 -99.000 -9999.0 -9999.0 -9999.0 -9999.0 -9999.0
27516 20170416  2.424 -156.61   71.32    -8.3   -15.0   -11.7   -11.5     0.0    17.04 C    -8.8   -17.1   -12.7    82.1    71.9    76.6 -99.000 -99.000 -99.000 -99.000 -99.000 -9999.0 -9999.0 -9999.0 -9999.0 -9999.0
27516 20170417  2.424 -156.61   71.32    -8.3   -17.1   -12.7   -11.8     0.0    17.53 C    -8.5   -20.1   -13.1    85.5    71.6    78.2 -99.000 -99.000 -99.000 -99.000 -99.000 -9999.0 -9999.0 -9999.0 -9999.0 -9999.0
27516 20170418  2.424 -156.61   71.32    -8.3   -19.6   -14.0 -9999.0     0.0    17.79 C    -7.0   -22.1   -15.0    90.3    70.1    81.3 -99.000 -99.000 -99.000 -99.000 -99.000 -9999.0 -9999.0 -9999.0 -9999.0 -9999.0
27516 20170419  2.424 -156.61   71.32   -11.9   -21.4   -16.7   -16.2     0.0    17.72 C    -9.7   -23.7   -16.9    88.9    80.2    84.3 -99.000 -99.000 -99.000 -99.000 -99.000 -9999.0 -9999.0 -9999.0 -9999.0 -9999.0
27516 20170420  2.424 -156.61   71.32   -11.6   -22.9   -17.3   -17.4     0.0    18.05 C    -9.2   -25.1   -17.7    85.7    77.5    81.6 -99.000 -99.000 -99.000 -99.000 -99.000 -9999.0 -9999.0 -9999.0 -9999.0 -9999.0
27516 20170421  2.424 -156.61   71.32   -10.8   -22.2   -16.5   -16.4     0.0    18.58 C    -9.8   -24.0   -17.0    88.1    77.7    82.1 -99.000 -99.000 -99.000 -99.000 -99.000 -9999.0 -9999.0 -9999.0 -9999.0 -9999.0
27516 20170422  2.424 -156.61   71.32    -9.9   -19.6   -14.8   -14.7     0.0    19.04 C    -8.4   -21.4   -15.5    90.9    79.6    84.0 -99.000 -99.000 -99.000 -99.000 -99.000 -9999.0 -9999.0 -9999.0 -9999.0 -9999.0
27516 20170423  2.424 -156.61   71.32 -9999.0 -9999.0 -9999.0 -9999.0     0.3    18.74 C    -6.6   -21.5   -14.7    89.6    80.6    85.2 -99.000 -99.000 -99.000 -99.000 -99.000 -9999.0 -9999.0 -9999.0 -9999.0 -9999.0
27516 20170424  2.424 -156.61   71.32   -10.1   -19.2   -14.7   -13.1     0.2    13.32 C    -7.8   -21.5   -12.7    88.4    79.5    84.4 -99.000 -99.000 -99.000 -99.000 -99.000 -9999.0 -9999.0 -9999.0 -9999.0 -9999.0
27516 20170425  2.424 -156.61   71.32   -12.0   -14.5   -13.3   -13.5     0.0    12.21 C   -12.1   -14.6   -13.2    86.6    79.1    83.0 -99.000 -99.000 -99.000 -99.000 -99.000 -9999.0 -9999.0 -9999.0 -9999.0 -9999.0
27516 20170426  2.424 -156.61   71.32   -14.1   -15.5   -14.8   -14.8     0.0    12.85 C   -12.2   -15.5   -14.1    86.2    82.4    84.6 -99.000 -99.000 -99.000 -99.000 -99.000 -9999.0 -9999.0 -9999.0 -9999.0 -9999.0
27516 20170427  2.424 -156.61   71.32   -15.0   -20.6   -17.8   -16.3     0.2    19.89 C   -13.2   -23.1   -16.2    86.1    80.1    83.3 -99.000 -99.000 -99.000 -99.000 -99.000 -9999.0 -9999.0 -9999.0 -9999.0 -9999.0
27516 20170428  2.424 -156.61   71.32   -12.8   -21.6   -17.2   -16.8     0.0    18.77 C   -11.5   -24.0   -17.3    85.7    81.2    83.7 -99.000 -99.000 -99.000 -99.000 -99.000 -9999.0 -9999.0 -9999.0 -9999.0 -9999.0
27516 20170429  2.424 -156.61   71.32   -11.3   -19.0   -15.2   -15.2     0.2    20.48 C   -10.4   -20.8   -15.6    88.1    84.0    85.6 -99.000 -99.000 -99.000 -99.000 -99.000 -9999.0 -9999.0 -9999.0 -9999.0 -9999.0
27516 20170430  2.424 -156.61   71.32   -10.4   -20.3   -15.4   -15.0     0.0    21.37 C    -9.1   -22.2   -15.6    91.0    81.8    85.5 -99.000 -99.000 -99.000 -99.000 -99.000 -9999.0 -9999.0 -9999.0 -9999.0 -9999.0
27516 20170501  2.424 -156.61   71.32   -10.6   -16.7   -13.7   -12.7     0.0    16.87 C    -9.1   -17.1   -12.2    89.2    84.8    86.7 -99.000 -99.000 -99.000 -99.000 -99.000 -9999.0 -9999.0 -9999.0 -9999.0 -9999.0
27516 20170502  2.424 -156.61   71.32    -9.9   -12.4   -11.2   -11.1     0.0    17.53 C    -9.2   -11.5   -10.5    92.1    87.9    89.6 -99.000 -99.000 -99.000 -99.000 -99.000 -9999.0 -9999.0 -9999.0 -9999.0 -9999.0
27516 20170503  2.424 -156.61   71.32    -8.8   -11.6   -10.2   -10.1     0.0    15.94 C    -7.8   -11.1    -9.6    91.5    87.8    89.8 -99.000 -99.000 -99.000 -99.000 -99.000 -9999.0 -9999.0 -9999.0 -9999.0 -9999.0
27516 20170504  2.424 -156.61   71.32    -6.2    -9.4    -7.8    -7.9     0.0    12.87 C    -4.6    -9.4    -7.4    92.1    88.8    90.7 -99.000 -99.000 -99.000 -99.000 -99.000 -9999.0 -9999.0 -9999.0 -9999.0 -9999.0
27516 20170505  2.424 -156.61   71.32    -6.4    -9.4    -7.9    -7.5     0.0    14.73 C    -4.7    -9.4    -6.9    92.3    90.0    91.3 -99.000 -99.000 -99.000 -99.000 -99.000 -9999.0 -9999.0 -9999.0 -9999.0 -9999.0
27516 20170506  2.424 -156.61   71.32    -6.7    -8.0    -7.3    -7.3     0.2    14.65 C    -5.3    -7.7    -6.7    92.5    88.9    91.1 -99.000 -99.000 -99.000 -99.000 -99.000 -9999.0 -9999.0 -9999.0 -9999.0 -9999.0
27516 20170507  2.424 -156.61   71.32    -5.6    -9.8    -7.7    -7.4     0.9    17.39 C    -4.6    -9.9    -6.9    95.2    89.0    91.6 -99.000 -99.000 -99.000 -99.000 -99.000 -9999.0 -9999.0 -9999.0 -9999.0 -9999.0
27516 20170508  2.424 -156.61   71.32    -4.0    -8.5    -6.2    -5.5     0.7    18.03 C     0.1    -9.8    -4.3    94.8    77.0    90.2 -99.000 -99.000 -99.000 -99.000 -99.000 -9999.0 -9999.0 -9999.0 -9999.0 -9999.0
27516 20170509  2.424 -156.61   71.32    -4.9    -7.0    -6.0    -5.9     0.0    15.60 C    -3.2    -6.7    -5.2    94.7    90.0    92.4 -99.000 -99.000 -99.000 -99.000 -99.000 -9999.0 -9999.0 -9999.0 -9999.0 -9999.0
27516 20170510  2.424 -156.61   71.32    -4.9    -7.5    -6.2    -6.3     0.2    16.91 C    -0.1    -7.5    -4.7    94.3    86.9    91.9 -99.000 -99.000 -99.000 -99.000 -99.000 -9999.0 -9999.0 -9999.0 -9999.0 -9999.0
27516 20170511  2.424 -156.61   71.32    -5.7    -8.8    -7.3    -7.2     0.2    16.61 C    -5.0    -8.5    -6.6    93.1    87.7    90.9 -99.000 -99.000 -99.000 -99.000 -99.000 -9999.0 -9999.0 -9999.0 -9999.0 -9999.0
27516 20170512  2.424 -156.61   71.32    -5.6   -11.2    -8.4    -7.6     0.2    22.54 C    -4.0   -12.1    -7.3    93.7    87.6    91.5 -99.000 -99.000 -99.000 -99.000 -99.000 -9999.0 -9999.0 -9999.0 -9999.0 -9999.0
27516 20170513  2.424 -156.61   71.32    -3.0    -6.5    -4.8    -4.8     1.1    17.01 C    -2.3    -6.6    -4.3    95.5    91.5    93.5 -99.000 -99.000 -99.000 -99.000 -99.000 -9999.0 -9999.0 -9999.0 -9999.0 -9999.0
27516 20170514  2.424 -156.61   71.32    -4.1    -5.7    -4.9    -5.0     1.4    14.87 C    -3.9    -5.3    -4.6    95.9    86.2    91.9 -99.000 -99.000 -99.000 -99.000 -99.000 -9999.0 -9999.0 -9999.0 -9999.0 -9999.0
27516 20170515  2.424 -156.61   71.32 -9999.0    -4.1 -9999.0    -3.0     0.3    18.20 C     3.7    -4.1    -1.0    96.7    77.1    89.7 -99.000 -99.000 -99.000 -99.000 -99.000 -9999.0 -9999.0 -9999.0 -9999.0 -9999.0
27516 20170516  2.424 -156.61   71.32 -9999.0    -3.3 -9999.0 -9999.0     0.6    17.12 C     2.6    -3.8    -0.5    97.2    84.6    91.6 -99.000 -99.000 -99.000 -99.000 -99.000 -9999.0 -9999.0 -9999.0 -9999.0 -9999.0
27516 20170517  2.424 -156.61   71.32    -1.4    -4.2    -2.8    -2.2     0.0    17.24 C     0.7    -4.9    -1.6    95.4    89.3    92.4 -99.000 -99.000 -99.000 -99.000 -99.000 -9999.0 -9999.0 -9999.0 -9999.0 -9999.0
27516 20170518  2.424 -156.61   71.32     0.1    -3.9    -1.9    -2.2     1.1    16.30 C     2.3    -4.2    -1.4    96.1    89.1    93.5 -99.000 -99.000 -99.000 -99.000 -99.000 -9999.0 -9999.0 -9999.0 -9999.0 -9999.0
27516 20170519  2.424 -156.61   71.32    -1.5    -4.4    -3.0    -3.2     0.0    21.62 C     0.8    -4.9    -2.2    97.7    76.6    87.9 -99.000 -99.000 -99.000 -99.000 -99.000 -9999.0 -9999.0 -9999.0 -9999.0 -9999.0
27516 20170520  2.424 -156.61   71.32 -9999.0    -6.3 -9999.0 -9999.0     0.2    21.67 C     1.6    -6.1    -2.9    92.7    78.8    85.8 -99.000 -99.000 -99.000 -99.000 -99.000 -9999.0 -9999.0 -9999.0 -9999.0 -9999.0
27516 20170521  2.424 -156.61   71.32    -2.8    -7.1    -5.0    -5.3     0.6    22.14 C     0.2    -7.0    -4.3    94.8    88.5    91.0 -99.000 -99.000 -99.000 -99.000 -99.000 -9999.0 -9999.0 -9999.0 -9999.0 -9999.0
27516 20170522  2.424 -156.61   71.32    -4.2    -6.6    -5.4    -5.4     0.0    17.18 C    -3.4    -5.9    -4.6    95.4    89.9    92.8 -99.000 -99.000 -99.000 -99.000 -99.000 -9999.0 -9999.0 -9999.0 -9999.0 -9999.0
27516 20170523  2.424 -156.61   71.32    -1.7    -4.8    -3.2    -3.3     0.0    19.60 C     0.2    -4.6    -2.2    96.6    89.7    93.8 -99.000 -99.000 -99.000 -99.000 -99.000 -9999.0 -9999.0 -9999.0 -9999.0 -9999.0
27516 20170524  2.424 -156.61   71.32    -0.2    -2.1    -1.1    -1.0     0.5    22.24 C     1.8    -2.2    -0.3    98.3    93.7    96.7 -99.000 -99.000 -99.000 -99.000 -99.000 -9999.0 -9999.0 -9999.0 -9999.0 -9999.0
27516 20170525  2.424 -156.61   71.32    -0.8    -1.6    -1.2    -1.1     9.4    14.44 C     2.2    -1.5    -0.3    97.3    90.1    94.5 -99.000 -99.000 -99.000 -99.000 -99.000 -9999.0 -9999.0 -9999.0 -9999.0 -9999.0
27516 20170526  2.424 -156.61   71.32     1.4    -2.0    -0.3     0.1     5.0    22.75 C     2.5    -3.2     0.4    96.7    80.6    91.3 -99.000 -99.000 -99.000 -99.000 -99.000 -9999.0 -9999.0 -9999.0 -9999.0 -9999.0
27516 20170527  2.424 -156.61   71.32     1.1    -4.1    -1.5    -0.8     0.0    28.45 C     2.0    -4.7    -0.6    95.3    84.6    91.7 -99.000 -99.000 -99.000 -99.000 -99.000 -9999.0 -9999.0 -9999.0 -9999.0 -9999.0
27516 20170528  2.424 -156.61   71.32     0.9    -3.7    -1.4    -0.7     0.0    28.34 C     1.0    -4.4    -1.1    93.4    88.1    90.9 -99.000 -99.000 -99.000 -99.000 -99.000 -9999.0 -9999.0 -9999.0 -9999.0 -9999.0
27516 20170529  2.424 -156.61   71.32     0.8    -1.0    -0.1    -0.1     2.6    23.17 C     0.5    -2.2    -0.7    96.3    80.3    88.4 -99.000 -99.000 -99.000 -99.000 -99.000 -9999.0 -9999.0 -9999.0 -9999.0 -9999.0
27516 20170530  2.424 -156.61   71.32    -0.2    -1.6    -0.9    -0.8     0.5    17.58 C     2.2    -1.8    -0.1    99.0    86.3    93.5 -99.000 -99.000 -99.000 -99.000 -99.000 -9999.0 -9999.0 -9999.0 -9999.0 -9999.0
27516 20170531  2.424 -156.61   71.32     0.8    -1.6    -0.4    -0.3     0.0    19.02 C     1.5    -2.0     0.1    94.2    82.6    88.4 -99.000 -99.000 -99.000 -99.000 -99.000 -9999.0 -9999.0 -9999.0 -9999.0 -9999.0
27516 20170601  2.424 -156.61   71.32    -0.6    -3.5    -2.0    -1.8     0.0    19.60 C     3.1    -2.8     0.0    98.9    88.0    94.9 -99.000 -99.000 -99.000 -99.000 -99.000 -9999.0 -9999.0 -9999.0 -9999.0 -9999.0
27516 20170602  2.424 -156.61   71.32    -1.3    -5.5    -3.4    -3.1     0.0    25.29 C     1.0    -5.0    -1.7    96.1    92.4    94.4 -99.000 -99.000 -99.000 -99.000 -99.000 -9999.0 -9999.0 -9999.0 -9999.0 -9999.0
27516 20170603  2.424 -156.61   71.32    -1.4    -4.7    -3.0    -2.9     0.0    25.15 C     0.2    -4.2    -2.0    95.6    92.8    94.4 -99.000 -99.000 -99.000 -99.000 -99.000 -9999.0 -9999.0 -9999.0 -9999.0 -9999.0
27516 20170604  2.424 -156.61   71.32    -2.0    -4.7    -3.4    -3.3     0.0    26.79 C    -0.1    -4.9    -2.5    96.4    89.7    93.4 -99.000 -99.000 -99.000 -99.000 -99.000 -9999.0 -9999.0 -9999.0 -9999.0 -9999.0
27516 20170605  2.424 -156.61   71.32    -2.5    -5.4    -4.0    -4.0     0.0    20.41 C    -0.7    -4.8    -2.8    96.5    90.7    93.7 -99.000 -99.000 -99.000 -99.000 -99.000 -9999.0 -9999.0 -9999.0 -9999.0 -9999.0
27516 20170606  2.424 -156.61   71.32    -1.4    -4.4    -2.9    -2.9     0.0    22.52 C     0.2    -3.8    -2.0    94.8    87.3    91.4 -99.000 -99.000 -99.000 -99.000 -99.000 -9999.0 -9999.0 -9999.0 -9999.0 -9999.0
27516 20170607  2.424 -156.61   71.32    -0.8    -4.9    -2.8    -2.7     0.0    22.38 C     0.0    -4.4    -2.0    93.5    84.8    90.0 -99.000 -99.000 -99.000 -99.000 -99.000 -9999.0 -9999.0 -9999.0 -9999.0 -9999.0
27516 20170608  2.424 -156.61   71.32    -0.5    -3.9    -2.2    -2.2     0.0    24.24 C     0.3    -3.9    -1.7    96.0    85.8    90.8 -99.000 -99.000 -99.000 -99.000 -99.000 -9999.0 -9999.0 -9999.0 -9999.0 -9999.0
27516 20170609  2.424 -156.61   71.32     0.2    -5.3    -2.6    -2.6     0.0    28.22 C     0.4    -5.7    -2.4    94.0    84.8    89.7 -99.000 -99.000 -99.000 -99.000 -99.000 -9999.0 -9999.0 -9999.0 -9999.0 -9999.0
27516 20170610  2.424 -156.61   71.32     0.9    -3.5    -1.3    -1.2     0.0    25.25 C     0.9    -3.7    -1.1    96.7    79.9    88.9 -99.000 -99.000 -99.000 -99.000 -99.000 -9999.0 -9999.0 -9999.0 -9999.0 -9999.0
27516 20170611  2.424 -156.61   71.32     1.1    -3.0    -1.0    -0.9     0.0    28.91 C     1.6    -3.4    -0.6    97.7    81.1    88.3 -99.000 -99.000 -99.000 -99.000 -99.000 -9999.0 -9999.0 -9999.0 -9999.0 -9999.0
27516 20170612  2.424 -156.61   71.32    -0.1    -2.9    -1.5    -1.4     0.0    27.20 C     1.0    -2.9    -1.1    97.1    84.4    89.7 -99.000 -99.000 -99.000 -99.000 -99.000 -9999.0 -9999.0 -9999.0 -9999.0 -9999.0
27516 20170613  2.424 -156.61   71.32     0.0    -4.5    -2.2    -2.3     0.0    29.39 C     0.5    -4.2    -1.8    96.3    86.8    91.9 -99.000 -99.000 -99.000 -99.000 -99.000 -9999.0 -9999.0 -9999.0 -9999.0 -9999.0
27516 20170614  2.424 -156.61   71.32     1.4    -5.7    -2.2    -1.8     0.0    30.67 C     1.5    -6.0    -1.6    94.6    86.1    89.9 -99.000 -99.000 -99.000 -99.000 -99.000 -9999.0 -9999.0 -9999.0 -9999.0 -9999.0
27516 20170615  2.424 -156.61   71.32     1.5    -4.4    -1.5    -1.2     0.0    29.75 C     1.3    -4.0    -0.8    97.5    86.6    91.6 -99.000 -99.000 -99.000 -99.000 -99.000 -9999.0 -9999.0 -9999.0 -9999.0 -9999.0
27516 20170616  2.424 -156.61   71.32     2.0    -2.4    -0.2    -0.3     0.0    14.25 C     1.7    -1.5     0.0    98.0    89.3    95.9 -99.000 -99.000 -99.000 -99.000 -99.000 -9999.0 -9999.0 -9999.0 -9999.0 -9999.0
27516 20170617  2.424 -156.61   71.32     1.3    -0.5     0.4     0.3     0.3    18.43 C     2.3    -0.4     0.8    97.8    82.5    94.2 -99.000 -99.000 -99.000 -99.000 -99.000 -9999.0 -9999.0 -9999.0 -9999.0 -9999.0
27516 20170618  2.424 -156.61   71.32     1.7    -1.3     0.2    -0.1     0.0    19.20 C     3.0    -0.6     0.8    98.5    92.2    96.3 -99.000 -99.000 -99.000 -99.000 -99.000 -9999.0 -9999.0 -9999.0 -9999.0 -9999.0
27516 20170619  2.424 -156.61   71.32     3.7    -1.4     1.2     1.1     0.0    19.34 C     5.2    -0.9     1.6    97.5    87.9    92.8 -99.000 -99.000 -99.000 -99.000 -99.000 -9999.0 -9999.0 -9999.0 -9999.0 -9999.0
27516 20170620  2.424 -156.61   71.32     4.8    -0.2     2.3     1.7     7.2    21.31 C     8.1    -0.5     3.1    97.9    89.3    93.1 -99.000 -99.000 -99.000 -99.000 -99.000 -9999.0 -9999.0 -9999.0 -9999.0 -9999.0
27516 20170621  2.424 -156.61   71.32    10.4     0.7     5.6     4.6     0.0    17.26 C    12.4     1.1     5.3    98.2    72.3    91.7 -99.000 -99.000 -99.000 -99.000 -99.000 -9999.0 -9999.0 -9999.0 -9999.0 -9999.0
27516 20170622  2.424 -156.61   71.32     7.0     2.3     4.6     5.0     0.3    20.12 C    10.9     2.2     6.2    98.0    82.1    89.3 -99.000 -99.000 -99.000 -99.000 -99.000 -9999.0 -9999.0 -9999.0 -9999.0 -9999.0
27516 20170623  2.424 -156.61   71.32    11.3     4.1     7.7     7.2     0.0    13.77 C    11.7     2.9     7.2    96.1    68.9    83.2 -99.000 -99.000 -99.000 -99.000 -99.000 -9999.0 -9999.0 -9999.0 -9999.0 -9999.0
27516 20170624  2.424 -156.61   71.32    10.2     5.5     7.9     7.6     0.0    21.39 C    11.5     5.3     7.7    81.9    68.9    76.4 -99.000 -99.000 -99.000 -99.000 -99.000 -9999.0 -9999.0 -9999.0 -9999.0 -9999.0
27516 20170625  2.424 -156.61   71.32     7.7     0.9     4.3     2.5     0.6     8.97 C     6.8     1.5     4.1    98.0    76.4    92.1 -99.000 -99.000 -99.000 -99.000 -99.000 -9999.0 -9999.0 -9999.0 -9999.0 -9999.0
27516 20170626  2.424 -156.61   71.32     6.8     0.9     3.9     3.7     0.0    20.01 C    11.7     1.4     6.0    98.4    87.0    92.9 -99.000 -99.000 -99.000 -99.000 -99.000 -9999.0 -9999.0 -9999.0 -9999.0 -9999.0
27516 20170627  2.424 -156.61   71.32     5.7     1.3     3.5     3.2     0.0    27.34 C    12.1     1.6     6.3    94.3    84.0    89.1 -99.000 -99.000 -99.000 -99.000 -99.000 -9999.0 -9999.0 -9999.0 -9999.0 -9999.0
27516 20170628  2.424 -156.61   71.32     4.8     0.8     2.8     2.8     0.0    25.26 C     9.7     0.8     4.9    94.3    82.5    88.7 -99.000 -99.000 -99.000 -99.000 -99.000 -9999.0 -9999.0 -9999.0 -9999.0 -9999.0
27516 20170629  2.424 -156.61   71.32     6.6     1.1     3.8     3.2     0.0    27.98 C    11.6     1.0     6.2    96.2    82.9    88.7 -99.000 -99.000 -99.000 -99.000 -99.000 -9999.0 -9999.0 -9999.0 -9999.0 -9999.0
27516 20170630  2.424 -156.61   71.32     4.1    -0.3     1.9     1.7     0.0    20.49 C     9.3     0.0     3.7    98.4    85.7    93.2 -99.000 -99.000 -99.000 -99.000 -99.000 -9999.0 -9999.0 -9999.0 -9999.0 -9999.0
27516 20170701  2.424 -156.61   71.32     2.8    -0.6     1.1     0.9     0.0    20.04 C    10.3    -0.1     4.3    98.3    88.0    94.6 -99.000 -99.000 -99.000 -99.000 -99.000 -9999.0 -9999.0 -9999.0 -9999.0 -9999.0
27516 20170702  2.424 -156.61   71.32     3.6     0.3     1.9     1.5     0.0    13.47 C     9.5     1.1     3.6    98.5    87.5    95.6 -99.000 -99.000 -99.000 -99.000 -99.000 -9999.0 -9999.0 -9999.0 -9999.0 -9999.0
27516 20170703  2.424 -156.61   71.32     7.6     0.4     4.0     4.5     0.0    27.37 C    13.4     0.9     7.3    98.4    68.4    83.6 -99.000 -99.000 -99.000 -99.000 -99.000 -9999.0 -9999.0 -9999.0 -9999.0 -9999.0
27516 20170704  2.424 -156.61   71.32     8.5     3.9     6.2     6.3     1.4    14.66 C    12.5     2.5     7.4    96.4    75.6    86.6 -99.000 -99.000 -99.000 -99.000 -99.000 -9999.0 -9999.0 -9999.0 -9999.0 -9999.0
27516 20170705  2.424 -156.61   71.32    13.9     7.3    10.6     9.9     3.7     8.43 C    15.8     6.7    10.0    94.8    71.5    87.0 -99.000 -99.000 -99.000 -99.000 -99.000 -9999.0 -9999.0 -9999.0 -9999.0 -9999.0
27516 20170706  2.424 -156.61   71.32    17.1     8.7    12.9    12.1     2.1     9.83 C    18.7     8.2    11.6    96.1    64.8    84.8 -99.000 -99.000 -99.000 -99.000 -99.000 -9999.0 -9999.0 -9999.0 -9999.0 -9999.0
27516 20170707  2.424 -156.61   71.32    11.5     7.4     9.5     9.7     1.5    13.79 C    15.1     7.5    10.3    96.1    78.1    86.6 -99.000 -99.000 -99.000 -99.000 -99.000 -9999.0 -9999.0 -9999.0 -9999.0 -9999.0
27516 20170708  2.424 -156.61   71.32    10.6     5.2     7.9     7.1     0.2     9.93 C    12.6     5.7     8.4    97.6    89.7    94.7 -99.000 -99.000 -99.000 -99.000 -99.000 -9999.0 -9999.0 -9999.0 -9999.0 -9999.0
27516 20170709  2.424 -156.61   71.32    13.1     2.5     7.8     8.0     0.0    22.14 C    16.1     2.8    10.0    97.9    80.5    92.2 -99.000 -99.000 -99.000 -99.000 -99.000 -9999.0 -9999.0 -9999.0 -9999.0 -9999.0
27516 20170710  2.424 -156.61   71.32     5.6     2.5     4.1     4.1     0.0     5.20 C     8.8     2.8     4.7    97.6    84.1    92.2 -99.000 -99.000 -99.000 -99.000 -99.000 -9999.0 -9999.0 -9999.0 -9999.0 -9999.0
27516 20170711  2.424 -156.61   71.32     6.4     3.1     4.7     4.4     0.0    16.45 C    10.7     3.1     5.7    92.2    83.9    87.6 -99.000 -99.000 -99.000 -99.000 -99.000 -9999.0 -9999.0 -9999.0 -9999.0 -9999.0
27516 20170712  2.424 -156.61   71.32     6.9     3.1     5.0     5.0     0.0    22.10 C    11.3     3.0     6.6    93.5    80.8    86.9 -99.000 -99.000 -99.000 -99.000 -99.000 -9999.0 -9999.0 -9999.0 -9999.0 -9999.0
27516 20170713  2.424 -156.61   71.32    16.2     4.1    10.2     8.5     0.0    22.83 C    20.6     3.5    10.7    92.9    64.3    83.2 -99.000 -99.000 -99.000 -99.000 -99.000 -9999.0 -9999.0 -9999.0 -9999.0 -9999.0
27516 20170714  2.424 -156.61   71.32    18.8     5.8    12.3    12.0     0.0    26.40 C    22.4     4.5    13.3    95.4    55.8    73.8 -99.000 -99.000 -99.000 -99.000 -99.000 -9999.0 -9999.0 -9999.0 -9999.0 -9999.0
27516 20170715  2.424 -156.61   71.32     8.6     3.9     6.2     5.6     0.0     9.35 C     8.9     3.8     6.1    94.6    86.7    91.1 -99.000 -99.000 -99.000 -99.000 -99.000 -9999.0 -9999.0 -9999.0 -9999.0 -9999.0
27516 20170716  2.424 -156.61   71.32     6.9     3.9     5.4     5.4     3.5     5.99 C     9.7     3.9     6.0    96.9    87.1    92.3 -99.000 -99.000 -99.000 -99.000 -99.000 -9999.0 -9999.0 -9999.0 -9999.0 -9999.0
27516 20170717  2.424 -156.61   71.32    14.6     5.8    10.2     8.6     0.0    11.47 C    14.4     5.8     9.5    96.8    83.2    92.3 -99.000 -99.000 -99.000 -99.000 -99.000 -9999.0 -9999.0 -9999.0 -9999.0 -9999.0
27516 20170718  2.424 -156.61   71.32    17.4     8.7    13.0    12.5     0.3     5.87 C    17.7     8.7    12.7    96.6    79.3    89.8 -99.000 -99.000 -99.000 -99.000 -99.000 -9999.0 -9999.0 -9999.0 -9999.0 -9999.0
27516 20170719  2.424 -156.61   71.32    10.0     3.5     6.7     7.0     3.8     7.50 C    10.3     3.8     8.2    97.8    93.1    96.2 -99.000 -99.000 -99.000 -99.000 -99.000 -9999.0 -9999.0 -9999.0 -9999.0 -9999.0
27516 20170720  2.424 -156.61   71.32     4.3     1.3     2.8     3.0     0.0    11.66 C     8.0     2.0     4.4    96.6    80.2    87.2 -99.000 -99.000 -99.000 -99.000 -99.000 -9999.0 -9999.0 -9999.0 -9999.0 -9999.0
27516 20170721  2.424 -156.61   71.32    11.2     2.0     6.6     6.0     1.5    11.03 C    14.7     2.1     7.0    96.6    62.2    82.0 -99.000 -99.000 -99.000 -99.000 -99.000 -9999.0 -9999.0 -9999.0 -9999.0 -9999.0
27516 20170722  2.424 -156.61   71.32     7.4     2.1     4.8     3.8     0.0     9.95 C     7.3     2.1     4.7    97.1    81.3    88.7 -99.000 -99.000 -99.000 -99.000 -99.000 -9999.0 -9999.0 -9999.0 -9999.0 -9999.0
27516 20170723  2.424 -156.61   71.32    12.2     2.8     7.5     7.8    15.0     3.25 C    12.0     2.6     7.6    97.5    91.4    95.8 -99.000 -99.000 -99.000 -99.000 -99.000 -9999.0 -9999.0 -9999.0 -9999.0 -9999.0
27516 20170724  2.424 -156.61   71.32     8.6     2.2     5.4     4.4     0.7    11.04 C     8.2     3.2     5.5    97.8    85.9    94.3 -99.000 -99.000 -99.000 -99.000 -99.000 -9999.0 -9999.0 -9999.0 -9999.0 -9999.0
27516 20170725  2.424 -156.61   71.32     6.3     0.4     3.3     3.5     0.3     9.75 C     7.9     1.8     5.1    97.7    85.9    92.7 -99.000 -99.000 -99.000 -99.000 -99.000 -9999.0 -9999.0 -9999.0 -9999.0 -9999.0
27516 20170726  2.424 -156.61   71.32     5.0     0.2     2.6     2.4     0.0    17.42 C     9.6     1.4     4.9    97.9    83.1    91.0 -99.000 -99.000 -99.000 -99.000 -99.000 -9999.0 -9999.0 -9999.0 -9999.0 -9999.0
27516 20170727  2.424 -156.61   71.32    11.6     3.2     7.4     7.0     0.0    20.72 C    13.9     3.3     8.2    98.1    75.3    91.9 -99.000 -99.000 -99.000 -99.000 -99.000 -9999.0 -9999.0 -9999.0 -9999.0 -9999.0
27516 20170728  2.424 -156.61   71.32    12.5     6.6     9.5    10.1     0.4    19.78 C    15.8     6.2    11.3    95.6    80.2    87.6 -99.000 -99.000 -99.000 -99.000 -99.000 -9999.0 -9999.0 -9999.0 -9999.0 -9999.0
27516 20170729  2.424 -156.61   71.32    20.3     5.1    12.7    11.8     0.0    12.85 C    20.5     5.5    11.8    96.7    54.5    85.5 -99.000 -99.000 -99.000 -99.000 -99.000 -9999.0 -9999.0 -9999.0 -9999.0 -9999.0
27516 20170730  2.424 -156.61   71.32     8.6     3.3     6.0     5.6     0.0    15.77 C    13.6     3.7     7.3    95.1    74.8    84.1 -99.000 -99.000 -99.000 -99.000 -99.000 -9999.0 -9999.0 -9999.0 -9999.0 -9999.0
27516 20170731  2.424 -156.61   71.32    21.0     6.3    13.7    14.0     2.0    10.45 C    21.3     6.4    13.3    97.5    55.2    80.2 -99.000 -99.000 -99.000 -99.000 -99.000 -9999.0 -9999.0 -9999.0 -9999.0 -9999.0
27516 20170801  2.424 -156.61   71.32    14.4     5.8    10.1     9.3     0.2     8.29 C    12.8     5.4     9.3    95.6    76.7    90.6 -99.000 -99.000 -99.000 -99.000 -99.000 -9999.0 -9999.0 -9999.0 -9999.0 -9999.0
27516 20170802  2.424 -156.61   71.32     7.4     3.5     5.5     6.0    10.2     6.17 C     8.0     2.7     6.4    97.9    90.5    94.9 -99.000 -99.000 -99.000 -99.000 -99.000 -9999.0 -9999.0 -9999.0 -9999.0 -9999.0
27516 20170803  2.424 -156.61   71.32     5.2     2.4     3.8     4.0     0.0     9.45 C     8.9     2.2     5.2    98.1    86.0    91.9 -99.000 -99.000 -99.000 -99.000 -99.000 -9999.0 -9999.0 -9999.0 -9999.0 -9999.0
27516 20170804  2.424 -156.61   71.32    17.4     3.3    10.4     9.4     0.0    12.40 C    16.6     3.9     9.3    98.1    66.3    86.9 -99.000 -99.000 -99.000 -99.000 -99.000 -9999.0 -9999.0 -9999.0 -9999.0 -9999.0
27516 20170805  2.424 -156.61   71.32    13.6     4.8     9.2     8.6     1.3     6.12 C    12.0     5.1     8.9    97.2    71.4    88.3 -99.000 -99.000 -99.000 -99.000 -99.000 -9999.0 -9999.0 -9999.0 -9999.0 -9999.0
27516 20170806  2.424 -156.61   71.32     6.8     3.8     5.3     5.4     0.4     6.28 C    10.1     4.1     6.3    94.8    77.2    85.8 -99.000 -99.000 -99.000 -99.000 -99.000 -9999.0 -9999.0 -9999.0 -9999.0 -9999.0
27516 20170807  2.424 -156.61   71.32     7.0     5.2     6.1     6.1     1.4     3.87 C     7.9     5.0     6.2    97.8    87.7    94.6 -99.000 -99.000 -99.000 -99.000 -99.000 -9999.0 -9999.0 -9999.0 -9999.0 -9999.0
27516 20170808  2.424 -156.61   71.32    11.9     6.1     9.0     8.9     0.0     6.73 C    12.2     6.0     8.8    98.0    82.9    93.5 -99.000 -99.000 -99.000 -99.000 -99.000 -9999.0 -9999.0 -9999.0 -9999.0 -9999.0
27516 20170809  2.424 -156.61   71.32    10.4     2.8     6.6     4.9     0.0     6.53 C     9.3     3.3     5.4    97.1    72.1    86.1 -99.000 -99.000 -99.000 -99.000 -99.000 -9999.0 -9999.0 -9999.0 -9999.0 -9999.0
27516 20170810  2.424 -156.61   71.32     9.9     3.7     6.8     6.6     2.7     2.07 C     8.7     3.3     5.9    94.8    71.9    81.3 -99.000 -99.000 -99.000 -99.000 -99.000 -9999.0 -9999.0 -9999.0 -9999.0 -9999.0
27516 20170811  2.424 -156.61   71.32     8.4     1.5     4.9     2.8     1.8     5.77 C     7.8     1.3     3.5    96.5    73.7    85.9 -99.000 -99.000 -99.000 -99.000 -99.000 -9999.0 -9999.0 -9999.0 -9999.0 -9999.0
27516 20170812  2.424 -156.61   71.32     3.5     0.9     2.2     2.1     0.0     9.86 C     6.3     0.9     2.8    90.9    72.3    79.1 -99.000 -99.000 -99.000 -99.000 -99.000 -9999.0 -9999.0 -9999.0 -9999.0 -9999.0
27516 20170813  2.424 -156.61   71.32     3.3     1.1     2.2     2.0     0.0     8.61 C     5.4     1.1     2.5    89.7    73.4    81.3 -99.000 -99.000 -99.000 -99.000 -99.000 -9999.0 -9999.0 -9999.0 -9999.0 -9999.0
27516 20170814  2.424 -156.61   71.32     2.9     1.1     2.0     2.1     0.0     7.37 C     4.9     1.0     2.7    90.7    79.5    85.1 -99.000 -99.000 -99.000 -99.000 -99.000 -9999.0 -9999.0 -9999.0 -9999.0 -9999.0
27516 20170815  2.424 -156.61   71.32     2.8     1.0     1.9     1.8     6.8     2.90 C     2.8     0.6     1.9    97.4    83.8    92.7 -99.000 -99.000 -99.000 -99.000 -99.000 -9999.0 -9999.0 -9999.0 -9999.0 -9999.0
27516 20170816  2.424 -156.61   71.32 -9999.0 -9999.0 -9999.0 -9999.0 -9999.0 -9999.00 U -9999.0 -9999.0 -9999.0 -9999.0 -9999.0 -9999.0 -99.000 -99.000 -99.000 -99.000 -99.000 -9999.0 -9999.0 -9999.0 -9999.0 -9999.0
27516 20170817  2.424 -156.61   71.32     5.1     3.7     4.4     4.5    15.2     2.68 C     6.3     3.7     4.7    97.8    94.7    96.7 -99.000 -99.000 -99.000 -99.000 -99.000 -9999.0 -9999.0 -9999.0 -9999.0 -9999.0
27516 20170818  2.424 -156.61   71.32     5.4     2.2     3.8     4.0     0.0     6.70 C     8.5     2.2     4.9    98.1    82.1    91.0 -99.000 -99.000 -99.000 -99.000 -99.000 -9999.0 -9999.0 -9999.0 -9999.0 -9999.0
27516 20170819  2.424 -156.61   71.32     5.8     3.4     4.6     4.5     0.0     5.75 C     9.3     3.1     5.3    95.6    80.9    85.2 -99.000 -99.000 -99.000 -99.000 -99.000 -9999.0 -9999.0 -9999.0 -9999.0 -9999.0
27516 20170820  2.424 -156.61   71.32     6.2     3.4     4.8     4.9     0.0     5.50 C     8.1     3.3     5.4    96.5    80.2    90.7 -99.000 -99.000 -99.000 -99.000 -99.000 -9999.0 -9999.0 -9999.0 -9999.0 -9999.0
27516 20170821  2.424 -156.61   71.32     6.0     3.2     4.6     5.2     0.0     3.92 C     7.2     3.4     5.4    96.4    88.3    93.4 -99.000 -99.000 -99.000 -99.000 -99.000 -9999.0 -9999.0 -9999.0 -9999.0 -9999.0
27516 20170822  2.424 -156.61   71.32     7.1     2.9     5.0     4.9     0.0     6.60 C    10.3     3.1     5.5    97.3    87.2    93.6 -99.000 -99.000 -99.000 -99.000 -99.000 -9999.0 -9999.0 -9999.0 -9999.0 -9999.0
27516 20170823  2.424 -156.61   71.32     5.3     2.3     3.8     4.4     4.8     3.22 C     6.2     2.5     4.6    97.4    90.3    94.5 -99.000 -99.000 -99.000 -99.000 -99.000 -9999.0 -9999.0 -9999.0 -9999.0 -9999.0
27516 20170824  2.424 -156.61   71.32     3.7     2.0     2.8     2.9     0.0     1.84 C     4.0     1.9     2.9    94.8    84.9    89.1 -99.000 -99.000 -99.000 -99.000 -99.000 -9999.0 -9999.0 -9999.0 -9999.0 -9999.0
27516 20170825  2.424 -156.61   71.32     3.4     2.0     2.7     2.7     0.0     3.80 C     4.8     1.8     2.8    92.8    76.5    85.5 -99.000 -99.000 -99.000 -99.000 -99.000 -9999.0 -9999.0 -9999.0 -9999.0 -9999.0
27516 20170826  2.424 -156.61   71.32     4.7     1.2     2.9     2.8     0.3     4.51 C     5.9     0.7     3.0    95.0    70.7    85.0 -99.000 -99.000 -99.000 -99.000 -99.000 -9999.0 -9999.0 -9999.0 -9999.0 -9999.0
27516 20170827  2.424 -156.61   71.32     4.0     0.1     2.0     2.1     2.1     3.36 C     5.0    -0.6     2.2    96.3    71.9    84.9 -99.000 -99.000 -99.000 -99.000 -99.000 -9999.0 -9999.0 -9999.0 -9999.0 -9999.0
27516 20170828  2.424 -156.61   71.32     3.4    -0.9     1.3     2.2     0.0     5.08 C     4.7    -1.7     2.3    92.8    64.9    80.7 -99.000 -99.000 -99.000 -99.000 -99.000 -9999.0 -9999.0 -9999.0 -9999.0 -9999.0
27516 20170829  2.424 -156.61   71.32     3.3    -0.2     1.6     1.8     0.0     4.88 C     4.6    -0.8     1.7    92.3    74.4    85.0 -99.000 -99.000 -99.000 -99.000 -99.000 -9999.0 -9999.0 -9999.0 -9999.0 -9999.0
27516 20170830  2.424 -156.61   71.32     4.4     0.8     2.6     2.4     0.7     7.35 C     7.3     0.2     2.7    94.9    63.6    85.7 -99.000 -99.000 -99.000 -99.000 -99.000 -9999.0 -9999.0 -9999.0 -9999.0 -9999.0
27516 20170831  2.424 -156.61   71.32     3.6     0.8     2.2     2.1     0.0     6.70 C     5.5     0.3     2.2    93.0    75.7    85.9 -99.000 -99.000 -99.000 -99.000 -99.000 -9999.0 -9999.0 -9999.0 -9999.0 -9999.0
27516 20170901  2.424 -156.61   71.32     4.5     1.3     2.9     2.6     0.9     5.06 C     6.7     1.1     2.7    94.0    84.1    90.5 -99.000 -99.000 -99.000 -99.000 -99.000 -9999.0 -9999.0 -9999.0 -9999.0 -9999.0
27516 20170902  2.424 -156.61   71.32     4.7     2.4     3.5     3.3     0.0     6.39 C     7.9     1.8     3.7    96.1    79.9    89.0 -99.000 -99.000 -99.000 -99.000 -99.000 -9999.0 -9999.0 -9999.0 -9999.0 -9999.0
27516 20170903  2.424 -156.61   71.32     8.4     2.6     5.5     5.2     0.9     7.80 C    11.1     2.0     5.5    98.1    72.9    92.3 -99.000 -99.000 -99.000 -99.000 -99.000 -9999.0 -9999.0 -9999.0 -9999.0 -9999.0
27516 20170904  2.424 -156.61   71.32     5.7     2.0     3.9     3.9     0.0     6.40 C     7.3     1.8     4.4    97.9    89.3    94.7 -99.000 -99.000 -99.000 -99.000 -99.000 -9999.0 -9999.0 -9999.0 -9999.0 -9999.0
27516 20170905  2.424 -156.61   71.32     4.7     1.7     3.2     3.2     0.0     4.25 C     6.5     1.6     3.6    98.2    91.0    96.8 -99.000 -99.000 -99.000 -99.000 -99.000 -9999.0 -9999.0 -9999.0 -9999.0 -9999.0
27516 20170906  2.424 -156.61   71.32     3.9     2.2     3.0     3.1     0.0     2.84 C     4.4     2.1     3.2    98.4    90.4    95.4 -99.000 -99.000 -99.000 -99.000 -99.000 -9999.0 -9999.0 -9999.0 -9999.0 -9999.0
27516 20170907  2.424 -156.61   71.32     3.7     2.4     3.0     3.2     1.9     2.09 C     3.4     2.0     2.9    93.9    89.1    91.6 -99.000 -99.000 -99.000 -99.000 -99.000 -9999.0 -9999.0 -9999.0 -9999.0 -9999.0
27516 20170908  2.424 -156.61   71.32     2.5     0.4     1.4     1.6     0.0     4.42 C     3.8    -0.1     1.7    91.0    75.1    83.8 -99.000 -99.000 -99.000 -99.000 -99.000 -9999.0 -9999.0 -9999.0 -9999.0 -9999.0
27516 20170909  2.424 -156.61   71.32     3.3    -0.3     1.5     2.0     0.0     2.88 C     4.5    -0.9     1.9    94.2    73.6    83.6 -99.000 -99.000 -99.000 -99.000 -99.000 -9999.0 -9999.0 -9999.0 -9999.0 -9999.0
27516 20170910  2.424 -156.61   71.32     4.1     1.4     2.7     2.3     0.0     4.07 C     6.9     1.1     2.5    96.5    80.7    90.8 -99.000 -99.000 -99.000 -99.000 -99.000 -9999.0 -9999.0 -9999.0 -9999.0 -9999.0
27516 20170911  2.424 -156.61   71.32     4.0    -1.8     1.1     1.6     0.2     2.69 C     5.4    -2.3     1.5    98.9    82.7    91.2 -99.000 -99.000 -99.000 -99.000 -99.000 -9999.0 -9999.0 -9999.0 -9999.0 -9999.0
27516 20170912  2.424 -156.61   71.32     7.2    -1.5     2.8     3.1     1.4     2.00 C     5.6    -2.0     2.2    98.5    84.6    92.1 -99.000 -99.000 -99.000 -99.000 -99.000 -9999.0 -9999.0 -9999.0 -9999.0 -9999.0
27516 20170913  2.424 -156.61   71.32     4.5     1.1     2.8     3.0     4.0     2.28 C     5.6     0.6     2.8    97.9    86.6    94.3 -99.000 -99.000 -99.000 -99.000 -99.000 -9999.0 -9999.0 -9999.0 -9999.0 -9999.0
27516 20170914  2.424 -156.61   71.32     4.9     0.7     2.8     3.0     0.4     2.39 C     5.5     0.3     2.9    98.1    88.0    95.7 -99.000 -99.000 -99.000 -99.000 -99.000 -9999.0 -9999.0 -9999.0 -9999.0 -9999.0
27516 20170915  2.424 -156.61   71.32     3.9     1.8     2.9     3.0     2.7     3.89 C     6.7     2.1     3.5    97.6    90.7    94.8 -99.000 -99.000 -99.000 -99.000 -99.000 -9999.0 -9999.0 -9999.0 -9999.0 -9999.0
27516 20170916  2.424 -156.61   71.32     2.9     1.3     2.1     2.2     0.0     1.88 C     3.7     1.3     2.4    97.8    94.1    96.2 -99.000 -99.000 -99.000 -99.000 -99.000 -9999.0 -9999.0 -9999.0 -9999.0 -9999.0
27516 20170917  2.424 -156.61   71.32     2.6     1.3     1.9     1.8     2.7     3.02 C     4.4     1.4     2.3    98.0    93.2    96.3 -99.000 -99.000 -99.000 -99.000 -99.000 -9999.0 -9999.0 -9999.0 -9999.0 -9999.0